3504 1
3693 1
3436 1
3433 1
3449 1
4341 1
454 1
220 1
4354 1
4312 1
4425 1
390 1
3090 1
4142 1
4034 1
4166 1
3563 1
340 1
3609 1
3761 1
3086 1
2372 1
2833 1
2774 1
2587 1
2672 1
2430 1
104 1
2375 1
2234 1
2648 1
4615 1
4376 1
210 1
4382 1
193 1
4732 1
2264 1
2228 1
2046 1
1978 1
2634 1
3439 1
3329 1
3302 1
3288 1
4209 1
4154 1
4096 1
4955 1
4746 1
5140 1
2962 1
3282 1
3139 1
2123 1
2074 1
1773 1
1613 1
1834 1
1955 1
2278 1
2126 1
54 1
2254 1
2226 1
4274 1
4385 1
4135 1
4129 1
208 1
4633 1
4502 1
4456 1
4422 1
2330 1
3892 1
4098 1
4294 1
4077 1
2933 1
2511 1
2979 1
2189 1
2288 1
2506 1
2100 1
4100 1
3988 1
137 1
4042 1
3777 1
4952 1
158 1
4363 1
4237 1
4735 1
4951 1
3821 1
3121 1
3278 1
3021 1
2904 1
4997 1
167 1
4906 1
4654 1
4499 1
2789 1
2279 1
2401 1
94 1
2379 1
2124 1
2310 1
2472 1
4082 1
230 1
4278 1
49 1
1867 1
2158 1
114 1
2582 1
2868 1
3399 1
2660 1
2807 1
3664 1
3102 1
2875 1
2901 1
3336 1
2451 1
1836 1
3781 1
3632 1
3613 1
4141 1
4699 1
4457 1
4638 1
4257 1
2219 1
1963 1
1649 1
61 1
2003 1
2108 1
2246 1
2489 1
93 1
2391 1
2000 1
3264 1
3459 1
3432 1
3158 1
4668 1
4440 1
4498 1
148 1
4657 1
3907 1
3897 1
3730 1
3785 1
3039 1
3221 1
3169 1
2171 1
2639 1
2914 1
2592 1
2702 1
2223 1
2545 1
171 1
2984 1
3211 1
2694 1
2957 1
2671 1
2464 1
2572 1
2255 1
101 1
2202 1
4190 1
3962 1
152 1
3233 1
3012 1
3085 1
2035 1
3651 1
3574 1
3645 1
3193 1
2565 1
102 1
3150 1
3270 1
3820 1
4380 1
4055 1
3870 1
3755 1
111 1
1945 1
3880 1
4060 1
4140 1
4295 1
3520 1
3630 1
3525 1
4220 1
4165 1
4325 1
149 1
4335 1
1940 1
2740 1
2755 1
2051 1
2075 1
2815 1
2600 1
66 1
2070 1
3365 1
3735 1
3570 1
3535 1
3155 1
2965 1
3430 1
3210 1
3380 1
3070 1
3620 1
3445 1
3205 1
4080 1
2560 1
2230 1
2515 1
2745 1
2855 1
2405 1
131 1
103 1
2830 1
3140 1
2795 1
2135 1
3245 1
2990 1
2890 1
3265 1
3360 1
3840 1
138 1
3955 1
3830 1
4360 1
142 1
4054 1
267 1
3605 1
1925 1
1915 1
183 1
3530 1
3900 1
3190 1
3420 1
2200 1
2150 1
2020 1
2595 1
2700 1
2556 1
2144 1
42 1
1968 1
2120 1
2019 1
2678 1
2870 1
3003 1
3381 1
2188 1
2711 1
2434 1
47 1
2085 1
2335 1
3250 1
1850 1
45 1
2145 1
1845 1
132 1
2910 1
2420 1
2500 1
2905 1
2290 1
2490 1
2620 1
2725 1
2385 1
1755 1
64 1
1875 1
1760 1
2050 1
2215 1
2380 1
2320 1
2210 1
2350 1
2615 1
3230 1
3160 1
2900 1
3415 1
3060 1
3465 1
2605 1
2640 1
2575 1
2525 1
2735 1
2865 1
3035 1
1980 1
2025 1
1970 1
2160 1
2205 1
2245 1
1995 1
181 1
3015 1
2585 1
2835 1
144 1
2665 1
2370 1
2790 1
2295 1
2625 1
440 2
3850 2
133 2
160 2
3353 2
199 2
46 2
1835 2
87 2
4464 2
2408 2
2220 2
2065 2
3672 2
2395 2
2164 2
1950 2
2542 2
262 2
129 2
1937 2
53 2
1795 2
4215 2
1825 2
1990 2
3940 2
2930 2
2045 2
58 2
3425 2
2190 2
43 2
1800 2
139 2
3410 2
163 2
3725 2
1975 2
2670 2
141 2
2110 2
2800 2
41 2
44 2
2950 2
62 2
2635 2
1965 2
307 3
429 3
215 3
455 3
190 3
153 3
383 3
69 3
155 3
2945 3
2265 3
2300 3
2125 3
2155 3
168 3
260 3
63 3
146 3
39 3
5 3
125 3
173 3
9 4
113 4
2130 4
48 4
3 4
96 4
52 4
134 4
305 4
1985 4
2720 4
165 5
198 5
360 5
170 5
180 5
258 5
116 5
60 5
83 5
37 5
130 6
107 6
35 6
92 6
108 6
156 6
33 6
89 6
135 6
38 6
84 6
304 7
115 7
175 7
112 7
68 7
119 7
10 8
122 8
145 8
231 8
351 9
200 9
86 9
29 9
65 10
36 10
151 10
232 11
302 12
121 12
23 12
30 12
67 12
34 12
400 13
31 13
91 13
120 13
95 14
28 14
225 16
32 16
318 17
85 17
250 17
27 18
26 18
100 18
350 19
25 19
105 19
11 20
88 20
110 20
24 21
98 21
22 23
140 24
21 24
12 28
150 28
90 28
20 29
77 29
74 30
97 31
81 33
82 34
72 35
71 36
79 37
80 37
76 39
73 40
78 43
75 44
70 50
19 54
13 55
18 58
17 60
14 69
6 84
16 85
15 86
8 110
4 208
